2 2 0 0.473222
3 3 0 0.503424
4 4 0 0.529678
5 5 0 0.555841
6 6 0 0.579451
7 7 0 0.604659
8 8 0 0.629188
9 9 0 0.654345
10 10 0 0.682190
11 11 0 0.701816
12 12 0 0.726480
13 13 0 0.749702
14 14 0 0.779269
2 3 0 0.353094
2 4 0 0.358922
2 5 0 0.368218
2 6 0 0.368469
2 7 0 0.375276
2 8 0 0.393322
2 9 0 0.410567
2 10 0 0.434053
2 11 0 0.453924
2 12 0 0.478871
2 13 0 0.506469
2 14 0 0.540122
3 4 0 0.375590
3 5 0 0.385592
3 6 0 0.383478
3 7 0 0.391420
3 8 0 0.399180
3 9 0 0.420551
3 10 0 0.439980
3 11 0 0.461451
3 12 0 0.484953
3 13 0 0.512571
3 14 0 0.548461
4 5 0 0.398988
4 6 0 0.400965
4 7 0 0.406608
4 8 0 0.414861
4 9 0 0.425306
4 10 0 0.449206
4 11 0 0.469094
4 12 0 0.494612
4 13 0 0.520814
4 14 0 0.559065
5 6 0 0.415771
5 7 0 0.423647
5 8 0 0.432810
5 9 0 0.442882
5 10 0 0.455869
5 11 0 0.481069
5 12 0 0.503055
5 13 0 0.531469
5 14 0 0.566473
6 7 0 0.436720
6 8 0 0.445727
6 9 0 0.455012
6 10 0 0.471778
6 11 0 0.486863
6 12 0 0.512094
6 13 0 0.538688
6 14 0 0.566424
7 8 0 0.458741
7 9 0 0.471190
7 10 0 0.485200
7 11 0 0.501822
7 12 0 0.518971
7 13 0 0.545129
7 14 0 0.577618
8 9 0 0.486251
8 10 0 0.500143
8 11 0 0.515135
8 12 0 0.532731
8 13 0 0.557014
8 14 0 0.586451
9 10 0 0.514969
9 11 0 0.529878
9 12 0 0.547529
9 13 0 0.568722
9 14 0 0.595537
10 11 0 0.547537
10 12 0 0.564359
10 13 0 0.585416
10 14 0 0.610873
11 12 0 0.572506
11 13 0 0.592835
11 14 0 0.620324
12 13 0 0.602718
12 14 0 0.631590
13 14 0 0.640251
2 3 1 0.376837
2 4 1 0.386884
2 5 1 0.394459
2 6 1 0.393569
2 7 1 0.399896
2 8 1 0.416720
2 9 1 0.434724
2 10 1 0.454369
2 11 1 0.475816
2 12 1 0.497951
2 13 1 0.523610
2 14 1 0.557247
3 4 1 0.401086
3 5 1 0.406839
3 6 1 0.408918
3 7 1 0.414439
3 8 1 0.423039
3 9 1 0.440649
3 10 1 0.462565
3 11 1 0.481655
3 12 1 0.505631
3 13 1 0.530682
3 14 1 0.565863
4 5 1 0.423853
4 6 1 0.421863
4 7 1 0.428400
4 8 1 0.437645
4 9 1 0.447873
4 10 1 0.471359
4 11 1 0.489990
4 12 1 0.514192
4 13 1 0.536284
4 14 1 0.572502
5 6 1 0.439029
5 7 1 0.445351
5 8 1 0.453453
5 9 1 0.463218
5 10 1 0.476773
5 11 1 0.498461
5 12 1 0.522722
5 13 1 0.546620
5 14 1 0.582461
6 7 1 0.456008
6 8 1 0.464990
6 9 1 0.477231
6 10 1 0.490714
6 11 1 0.505339
6 12 1 0.529496
6 13 1 0.553741
6 14 1 0.583982
7 8 1 0.478402
7 9 1 0.489110
7 10 1 0.504610
7 11 1 0.516712
7 12 1 0.536000
7 13 1 0.563551
7 14 1 0.591559
8 9 1 0.504014
8 10 1 0.518284
8 11 1 0.533182
8 12 1 0.550722
8 13 1 0.569149
8 14 1 0.602098
9 10 1 0.531080
9 11 1 0.546345
9 12 1 0.565402
9 13 1 0.583510
9 14 1 0.607402
10 11 1 0.560990
10 12 1 0.578602
10 13 1 0.598441
10 14 1 0.622351
11 12 1 0.587037
11 13 1 0.605373
11 14 1 0.632418
12 13 1 0.615392
12 14 1 0.641637
13 14 1 0.649655